## Sirve para

2 * 2

h <- 2

h * h

g <- c(3, 5, 8, 9)

g * 2